-------------------------------------------------- SIMULATION LOG EXAMPLE --------------------------------------------------

Initializing..
Initialized neuron internal state vector of shape (20,), neuron output of shape (20,), and nspike of shape (20,)
Initialized input matrix of shape: (20, 1000) with first 200 columns being injected external current of [-A, A]
Initialized connectivity matrix:
     N00  N01   N02   N03  N04  N05  N06  N07  N08  N09  N10  N11   N12   N13  N14  N15   N16  N17  N18   N19
N00  0.0  0.0 -0.09  0.03  0.0  0.0  0.3  0.0  0.0  0.0  0.0  0.0 -0.09 -0.11  0.0  0.0 -0.04  0.0  0.0  0.00
N01  0.0  0.0  0.00  0.00  0.0  0.0  0.0  0.0  0.0  0.0  0.0  0.0  0.00  0.00  0.0  0.0  0.09  0.0  0.0 -0.09
Initialized training with P of type <class 'list'>, length 20, with example matrices of shape (6, 6), (4, 4), (9, 9)
Example P:
     0    1    2    3    4    5
0  4.0  0.0  0.0  0.0  0.0  0.0
1  0.0  4.0  0.0  0.0  0.0  0.0
2  0.0  0.0  4.0  0.0  0.0  0.0
3  0.0  0.0  0.0  4.0  0.0  0.0
4  0.0  0.0  0.0  0.0  4.0  0.0
5  0.0  0.0  0.0  0.0  0.0  4.0
--------------------------------------------------
Generating target
--------------------------------------------------
amp of shape (20,), phase of shape (20,)
Indices after permuting: [ 8  4 12 16  5 15  9 19 17  2 13  6 14  0 10 18 11  3  1  7]
Assigned theta and gamma to romega_vec
Converted to cycle-based frequencies
Filling the target matrix with oscillations in the form amp*cos(t*omega+phase) over time.
Example part of target matrix of shape (20, 1000):
      0       1       2       3       4       5       6       7       8       9       10      11      12      13      14      15      16      17      18      19      20      21      22      23      24      25      26      27      28      29      30      31      32      33      34      35      36      37      38      39      40      41      42      43      44      45      46      47      48      49      50      51      52      53      54      55      56      57      58      59      60      61      62      63      64      65      66      67      68      69      70      71      72      73      74      75      76      77      78      79      80      81      82      83      84      85      86      87      88      89      90      91      92      93      94      95      96      97      98      99      100     101     102     103     104     105     106     107     108     109     110     111     112     113     114     115     116     117     118     119     120     121     122     123     124     125     126     127     128     129     130     131     132     133     134     135     136     137     138     139     140     141     142     143     144     145     146     147     148     149     150     151     152     153     154     155     156     157     158     159     160     161     162     163     164     165     166     167     168     169     170     171     172     173     174     175     176     177     178     179     180     181     182     183     184     185     186     187     188     189     190     191     192     193     194     195     196     197     198     199     200     201     202     203     204     205     206     207     208     209     210     211     212     213     214     215     216     217     218     219     220     221     222     223     224     225     226     227     228     229     230     231     232     233     234     235     236     237     238     239     240     241     242     243     244     245     246     247     248     249     250     251     252     253     254     255     256     257     258     259     260     261     262     263     264     265     266     267     268     269     270     271     272     273     274     275     276     277     278     279     280     281     282     283     284     285     286     287     288     289     290     291     292     293     294     295     296     297     298     299     300     301     302     303     304     305     306     307     308     309     310     311     312     313     314     315     316     317     318     319     320     321     322     323     324     325     326     327     328     329     330     331     332     333     334     335     336     337     338     339     340     341     342     343     344     345     346     347     348     349     350     351     352     353     354     355     356     357     358     359     360     361     362     363     364     365     366     367     368     369     370     371     372     373     374     375     376     377     378     379     380     381     382     383     384     385     386     387     388     389     390     391     392     393     394     395     396     397     398     399     400     401     402     403     404     405     406     407     408     409     410     411     412     413     414     415     416     417     418     419     420     421     422     423     424     425     426     427     428     429     430     431     432     433     434     435     436     437     438     439     440     441     442     443     444     445     446     447     448     449     450     451     452     453     454     455     456     457     458     459     460     461     462     463     464     465     466     467     468     469     470     471     472     473     474     475     476     477     478     479     480     481     482     483     484     485     486     487     488     489     490     491     492     493     494     495     496     497     498     499     500     501     502     503     504     505     506     507     508     509     510     511     512     513     514     515     516     517     518     519     520     521     522     523     524     525     526     527     528     529     530     531     532     533     534     535     536     537     538     539     540     541     542     543     544     545     546     547     548     549     550     551     552     553     554     555     556     557     558     559     560     561     562     563     564     565     566     567     568     569     570     571     572     573     574     575     576     577     578     579     580     581     582     583     584     585     586     587     588     589     590     591     592     593     594     595     596     597     598     599     600     601     602     603     604     605     606     607     608     609     610     611     612     613     614     615     616     617     618     619     620     621     622     623     624     625     626     627     628     629     630     631     632     633     634     635     636     637     638     639     640     641     642     643     644     645     646     647     648     649     650     651     652     653     654     655     656     657     658     659     660     661     662     663     664     665     666     667     668     669     670     671     672     673     674     675     676     677     678     679     680     681     682     683     684     685     686     687     688     689     690     691     692     693     694     695     696     697     698     699     700     701     702     703     704     705     706     707     708     709     710     711     712     713     714     715     716     717     718     719     720     721     722     723     724     725     726     727     728     729     730     731     732     733     734     735     736     737     738     739     740     741     742     743     744     745     746     747     748     749     750     751     752     753     754     755     756     757     758     759     760     761     762     763     764     765     766     767     768     769     770     771     772     773     774     775     776     777     778     779     780     781     782     783     784     785     786     787     788     789     790     791     792     793     794     795     796     797     798     799     800     801     802     803     804     805     806     807     808     809     810     811     812     813     814     815     816     817     818     819     820     821     822     823     824     825     826     827     828     829     830     831     832     833     834     835     836     837     838     839     840     841     842     843     844     845     846     847     848     849     850     851     852     853     854     855     856     857     858     859     860     861     862     863     864     865     866     867     868     869     870     871     872     873     874     875     876     877     878     879     880     881     882     883     884     885     886     887     888     889     890     891     892     893     894     895     896     897     898     899     900     901     902     903     904     905     906     907     908     909     910     911     912     913     914     915     916     917     918     919     920     921     922     923     924     925     926     927     928     929     930     931     932     933     934     935     936     937     938     939     940     941     942     943     944     945     946     947     948     949     950     951     952     953     954     955     956     957     958     959     960     961     962     963     964     965     966     967     968     969     970     971     972     973     974     975     976     977     978     979     980     981     982     983     984     985     986     987     988     989     990     991     992     993     994     995     996     997     998     999
0  0.1494  0.1713  0.1931  0.2146  0.2360  0.2571  0.2780  0.2986  0.3189  0.3389  0.3586  0.3779  0.3968  0.4154  0.4335  0.4512  0.4685  0.4852  0.5016  0.5174  0.5327  0.5475  0.5617  0.5754  0.5885  0.6011  0.6130  0.6244  0.6351  0.6452  0.6547  0.6635  0.6716  0.6791  0.6860  0.6921  0.6976  0.7024  0.7065  0.7099  0.7125  0.7145  0.7158  0.7164  0.7163  0.7154  0.7139  0.7116  0.7087  0.7050  0.7007  0.6956  0.6899  0.6835  0.6764  0.6687  0.6603  0.6512  0.6415  0.6312  0.6202  0.6087  0.5965  0.5837  0.5704  0.5565  0.5420  0.5271  0.5116  0.4956  0.4791  0.4621  0.4447  0.4268  0.4085  0.3898  0.3708  0.3513  0.3315  0.3114  0.2910  0.2703  0.2493  0.2281  0.2067  0.1850  0.1632  0.1412  0.1191  0.0968  0.0745  0.0520  0.0296  0.0071 -0.0154 -0.0379 -0.0604 -0.0828 -0.1051 -0.1273 -0.1494 -0.1713 -0.1931 -0.2146 -0.2360 -0.2571 -0.2780 -0.2986 -0.3189 -0.3389 -0.3586 -0.3779 -0.3968 -0.4154 -0.4335 -0.4512 -0.4685 -0.4852 -0.5016 -0.5174 -0.5327 -0.5475 -0.5617 -0.5754 -0.5885 -0.6011 -0.6130 -0.6244 -0.6351 -0.6452 -0.6547 -0.6635 -0.6716 -0.6791 -0.6860 -0.6921 -0.6976 -0.7024 -0.7065 -0.7099 -0.7125 -0.7145 -0.7158 -0.7164 -0.7163 -0.7154 -0.7139 -0.7116 -0.7087 -0.7050 -0.7007 -0.6956 -0.6899 -0.6835 -0.6764 -0.6687 -0.6603 -0.6512 -0.6415 -0.6312 -0.6202 -0.6087 -0.5965 -0.5837 -0.5704 -0.5565 -0.5420 -0.5271 -0.5116 -0.4956 -0.4791 -0.4621 -0.4447 -0.4268 -0.4085 -0.3898 -0.3708 -0.3513 -0.3315 -0.3114 -0.2910 -0.2703 -0.2493 -0.2281 -0.2067 -0.1850 -0.1632 -0.1412 -0.1191 -0.0968 -0.0745 -0.0520 -0.0296 -0.0071  0.0154  0.0379  0.0604  0.0828  0.1051  0.1273  0.1494  0.1713  0.1931  0.2146  0.2360  0.2571  0.2780  0.2986  0.3189  0.3389  0.3586  0.3779  0.3968  0.4154  0.4335  0.4512  0.4685  0.4852  0.5016  0.5174  0.5327  0.5475  0.5617  0.5754  0.5885  0.6011  0.6130  0.6244  0.6351  0.6452  0.6547  0.6635  0.6716  0.6791  0.6860  0.6921  0.6976  0.7024  0.7065  0.7099  0.7125  0.7145  0.7158  0.7164  0.7163  0.7154  0.7139  0.7116  0.7087  0.7050  0.7007  0.6956  0.6899  0.6835  0.6764  0.6687  0.6603  0.6512  0.6415  0.6312  0.6202  0.6087  0.5965  0.5837  0.5704  0.5565  0.5420  0.5271  0.5116  0.4956  0.4791  0.4621  0.4447  0.4268  0.4085  0.3898  0.3708  0.3513  0.3315  0.3114  0.2910  0.2703  0.2493  0.2281  0.2067  0.1850  0.1632  0.1412  0.1191  0.0968  0.0745  0.0520  0.0296  0.0071 -0.0154 -0.0379 -0.0604 -0.0828 -0.1051 -0.1273 -0.1494 -0.1713 -0.1931 -0.2146 -0.2360 -0.2571 -0.2780 -0.2986 -0.3189 -0.3389 -0.3586 -0.3779 -0.3968 -0.4154 -0.4335 -0.4512 -0.4685 -0.4852 -0.5016 -0.5174 -0.5327 -0.5475 -0.5617 -0.5754 -0.5885 -0.6011 -0.6130 -0.6244 -0.6351 -0.6452 -0.6547 -0.6635 -0.6716 -0.6791 -0.6860 -0.6921 -0.6976 -0.7024 -0.7065 -0.7099 -0.7125 -0.7145 -0.7158 -0.7164 -0.7163 -0.7154 -0.7139 -0.7116 -0.7087 -0.7050 -0.7007 -0.6956 -0.6899 -0.6835 -0.6764 -0.6687 -0.6603 -0.6512 -0.6415 -0.6312 -0.6202 -0.6087 -0.5965 -0.5837 -0.5704 -0.5565 -0.5420 -0.5271 -0.5116 -0.4956 -0.4791 -0.4621 -0.4447 -0.4268 -0.4085 -0.3898 -0.3708 -0.3513 -0.3315 -0.3114 -0.2910 -0.2703 -0.2493 -0.2281 -0.2067 -0.1850 -0.1632 -0.1412 -0.1191 -0.0968 -0.0745 -0.0520 -0.0296 -0.0071  0.0154  0.0379  0.0604  0.0828  0.1051  0.1273  0.1494  0.1713  0.1931  0.2146  0.2360  0.2571  0.2780  0.2986  0.3189  0.3389  0.3586  0.3779  0.3968  0.4154  0.4335  0.4512  0.4685  0.4852  0.5016  0.5174  0.5327  0.5475  0.5617  0.5754  0.5885  0.6011  0.6130  0.6244  0.6351  0.6452  0.6547  0.6635  0.6716  0.6791  0.6860  0.6921  0.6976  0.7024  0.7065  0.7099  0.7125  0.7145  0.7158  0.7164  0.7163  0.7154  0.7139  0.7116  0.7087  0.7050  0.7007  0.6956  0.6899  0.6835  0.6764  0.6687  0.6603  0.6512  0.6415  0.6312  0.6202  0.6087  0.5965  0.5837  0.5704  0.5565  0.5420  0.5271  0.5116  0.4956  0.4791  0.4621  0.4447  0.4268  0.4085  0.3898  0.3708  0.3513  0.3315  0.3114  0.2910  0.2703  0.2493  0.2281  0.2067  0.1850  0.1632  0.1412  0.1191  0.0968  0.0745  0.0520  0.0296  0.0071 -0.0154 -0.0379 -0.0604 -0.0828 -0.1051 -0.1273 -0.1494 -0.1713 -0.1931 -0.2146 -0.2360 -0.2571 -0.2780 -0.2986 -0.3189 -0.3389 -0.3586 -0.3779 -0.3968 -0.4154 -0.4335 -0.4512 -0.4685 -0.4852 -0.5016 -0.5174 -0.5327 -0.5475 -0.5617 -0.5754 -0.5885 -0.6011 -0.6130 -0.6244 -0.6351 -0.6452 -0.6547 -0.6635 -0.6716 -0.6791 -0.6860 -0.6921 -0.6976 -0.7024 -0.7065 -0.7099 -0.7125 -0.7145 -0.7158 -0.7164 -0.7163 -0.7154 -0.7139 -0.7116 -0.7087 -0.7050 -0.7007 -0.6956 -0.6899 -0.6835 -0.6764 -0.6687 -0.6603 -0.6512 -0.6415 -0.6312 -0.6202 -0.6087 -0.5965 -0.5837 -0.5704 -0.5565 -0.5420 -0.5271 -0.5116 -0.4956 -0.4791 -0.4621 -0.4447 -0.4268 -0.4085 -0.3898 -0.3708 -0.3513 -0.3315 -0.3114 -0.2910 -0.2703 -0.2493 -0.2281 -0.2067 -0.1850 -0.1632 -0.1412 -0.1191 -0.0968 -0.0745 -0.0520 -0.0296 -0.0071  0.0154  0.0379  0.0604  0.0828  0.1051  0.1273  0.1494  0.1713  0.1931  0.2146  0.2360  0.2571  0.2780  0.2986  0.3189  0.3389  0.3586  0.3779  0.3968  0.4154  0.4335  0.4512  0.4685  0.4852  0.5016  0.5174  0.5327  0.5475  0.5617  0.5754  0.5885  0.6011  0.6130  0.6244  0.6351  0.6452  0.6547  0.6635  0.6716  0.6791  0.6860  0.6921  0.6976  0.7024  0.7065  0.7099  0.7125  0.7145  0.7158  0.7164  0.7163  0.7154  0.7139  0.7116  0.7087  0.7050  0.7007  0.6956  0.6899  0.6835  0.6764  0.6687  0.6603  0.6512  0.6415  0.6312  0.6202  0.6087  0.5965  0.5837  0.5704  0.5565  0.5420  0.5271  0.5116  0.4956  0.4791  0.4621  0.4447  0.4268  0.4085  0.3898  0.3708  0.3513  0.3315  0.3114  0.2910  0.2703  0.2493  0.2281  0.2067  0.1850  0.1632  0.1412  0.1191  0.0968  0.0745  0.0520  0.0296  0.0071 -0.0154 -0.0379 -0.0604 -0.0828 -0.1051 -0.1273 -0.1494 -0.1713 -0.1931 -0.2146 -0.2360 -0.2571 -0.2780 -0.2986 -0.3189 -0.3389 -0.3586 -0.3779 -0.3968 -0.4154 -0.4335 -0.4512 -0.4685 -0.4852 -0.5016 -0.5174 -0.5327 -0.5475 -0.5617 -0.5754 -0.5885 -0.6011 -0.6130 -0.6244 -0.6351 -0.6452 -0.6547 -0.6635 -0.6716 -0.6791 -0.6860 -0.6921 -0.6976 -0.7024 -0.7065 -0.7099 -0.7125 -0.7145 -0.7158 -0.7164 -0.7163 -0.7154 -0.7139 -0.7116 -0.7087 -0.7050 -0.7007 -0.6956 -0.6899 -0.6835 -0.6764 -0.6687 -0.6603 -0.6512 -0.6415 -0.6312 -0.6202 -0.6087 -0.5965 -0.5837 -0.5704 -0.5565 -0.5420 -0.5271 -0.5116 -0.4956 -0.4791 -0.4621 -0.4447 -0.4268 -0.4085 -0.3898 -0.3708 -0.3513 -0.3315 -0.3114 -0.2910 -0.2703 -0.2493 -0.2281 -0.2067 -0.1850 -0.1632 -0.1412 -0.1191 -0.0968 -0.0745 -0.0520 -0.0296 -0.0071  0.0154  0.0379  0.0604  0.0828  0.1051  0.1273  0.1494  0.1713  0.1931  0.2146  0.2360  0.2571  0.2780  0.2986  0.3189  0.3389  0.3586  0.3779  0.3968  0.4154  0.4335  0.4512  0.4685  0.4852  0.5016  0.5174  0.5327  0.5475  0.5617  0.5754  0.5885  0.6011  0.6130  0.6244  0.6351  0.6452  0.6547  0.6635  0.6716  0.6791  0.6860  0.6921  0.6976  0.7024  0.7065  0.7099  0.7125  0.7145  0.7158  0.7164  0.7163  0.7154  0.7139  0.7116  0.7087  0.7050  0.7007  0.6956  0.6899  0.6835  0.6764  0.6687  0.6603  0.6512  0.6415  0.6312  0.6202  0.6087  0.5965  0.5837  0.5704  0.5565  0.5420  0.5271  0.5116  0.4956  0.4791  0.4621  0.4447  0.4268  0.4085  0.3898  0.3708  0.3513  0.3315  0.3114  0.2910  0.2703  0.2493  0.2281  0.2067  0.1850  0.1632  0.1412  0.1191  0.0968  0.0745  0.0520  0.0296  0.0071 -0.0154 -0.0379 -0.0604 -0.0828 -0.1051 -0.1273 -0.1494 -0.1713 -0.1931 -0.2146 -0.2360 -0.2571 -0.2780 -0.2986 -0.3189 -0.3389 -0.3586 -0.3779 -0.3968 -0.4154 -0.4335 -0.4512 -0.4685 -0.4852 -0.5016 -0.5174 -0.5327 -0.5475 -0.5617 -0.5754 -0.5885 -0.6011 -0.6130 -0.6244 -0.6351 -0.6452 -0.6547 -0.6635 -0.6716 -0.6791 -0.6860 -0.6921 -0.6976 -0.7024 -0.7065 -0.7099 -0.7125 -0.7145 -0.7158 -0.7164 -0.7163 -0.7154 -0.7139 -0.7116 -0.7087 -0.7050 -0.7007 -0.6956 -0.6899 -0.6835 -0.6764 -0.6687 -0.6603 -0.6512 -0.6415 -0.6312 -0.6202 -0.6087 -0.5965 -0.5837 -0.5704 -0.5565 -0.5420 -0.5271 -0.5116 -0.4956 -0.4791 -0.4621 -0.4447 -0.4268 -0.4085 -0.3898 -0.3708 -0.3513 -0.3315 -0.3114 -0.2910 -0.2703 -0.2493 -0.2281 -0.2067 -0.1850 -0.1632 -0.1412 -0.1191 -0.0968 -0.0745 -0.0520 -0.0296 -0.0071  0.0154  0.0379  0.0604  0.0828  0.1051  0.1273
1 -0.0692  0.0409  0.1510  0.2609  0.3705  0.4798  0.5886  0.6968  0.8043  0.9111  1.0169  1.1218  1.2255  1.3280  1.4292  1.5291  1.6273  1.7240  1.8190  1.9122  2.0035  2.0928  2.1801  2.2652  2.3481  2.4287  2.5068  2.5825  2.6556  2.7262  2.7940  2.8591  2.9213  2.9807  3.0371  3.0905  3.1409  3.1882  3.2323  3.2732  3.3110  3.3454  3.3765  3.4043  3.4288  3.4499  3.4675  3.4818  3.4926  3.4999  3.5038  3.5043  3.5013  3.4948  3.4849  3.4715  3.4547  3.4345  3.4110  3.3840  3.3537  3.3201  3.2832  3.2431  3.1998  3.1533  3.1038  3.0511  2.9955  2.9368  2.8753  2.8110  2.7438  2.6740  2.6015  2.5265  2.4490  2.3690  2.2867  2.2022  2.1155  2.0267  1.9359  1.8431  1.7486  1.6524  1.5545  1.4550  1.3542  1.2520  1.1485  1.0440  0.9384  0.8319  0.7245  0.6165  0.5078  0.3986  0.2891  0.1792  0.0692 -0.0409 -0.1510 -0.2609 -0.3705 -0.4798 -0.5886 -0.6968 -0.8043 -0.9111 -1.0169 -1.1218 -1.2255 -1.3280 -1.4292 -1.5291 -1.6273 -1.7240 -1.8190 -1.9122 -2.0035 -2.0928 -2.1801 -2.2652 -2.3481 -2.4287 -2.5068 -2.5825 -2.6556 -2.7262 -2.7940 -2.8591 -2.9213 -2.9807 -3.0371 -3.0905 -3.1409 -3.1882 -3.2323 -3.2732 -3.3110 -3.3454 -3.3765 -3.4043 -3.4288 -3.4499 -3.4675 -3.4818 -3.4926 -3.4999 -3.5038 -3.5043 -3.5013 -3.4948 -3.4849 -3.4715 -3.4547 -3.4345 -3.4110 -3.3840 -3.3537 -3.3201 -3.2832 -3.2431 -3.1998 -3.1533 -3.1038 -3.0511 -2.9955 -2.9368 -2.8753 -2.8110 -2.7438 -2.6740 -2.6015 -2.5265 -2.4490 -2.3690 -2.2867 -2.2022 -2.1155 -2.0267 -1.9359 -1.8431 -1.7486 -1.6524 -1.5545 -1.4550 -1.3542 -1.2520 -1.1485 -1.0440 -0.9384 -0.8319 -0.7245 -0.6165 -0.5078 -0.3986 -0.2891 -0.1792 -0.0692  0.0409  0.1510  0.2609  0.3705  0.4798  0.5886  0.6968  0.8043  0.9111  1.0169  1.1218  1.2255  1.3280  1.4292  1.5291  1.6273  1.7240  1.8190  1.9122  2.0035  2.0928  2.1801  2.2652  2.3481  2.4287  2.5068  2.5825  2.6556  2.7262  2.7940  2.8591  2.9213  2.9807  3.0371  3.0905  3.1409  3.1882  3.2323  3.2732  3.3110  3.3454  3.3765  3.4043  3.4288  3.4499  3.4675  3.4818  3.4926  3.4999  3.5038  3.5043  3.5013  3.4948  3.4849  3.4715  3.4547  3.4345  3.4110  3.3840  3.3537  3.3201  3.2832  3.2431  3.1998  3.1533  3.1038  3.0511  2.9955  2.9368  2.8753  2.8110  2.7438  2.6740  2.6015  2.5265  2.4490  2.3690  2.2867  2.2022  2.1155  2.0267  1.9359  1.8431  1.7486  1.6524  1.5545  1.4550  1.3542  1.2520  1.1485  1.0440  0.9384  0.8319  0.7245  0.6165  0.5078  0.3986  0.2891  0.1792  0.0692 -0.0409 -0.1510 -0.2609 -0.3705 -0.4798 -0.5886 -0.6968 -0.8043 -0.9111 -1.0169 -1.1218 -1.2255 -1.3280 -1.4292 -1.5291 -1.6273 -1.7240 -1.8190 -1.9122 -2.0035 -2.0928 -2.1801 -2.2652 -2.3481 -2.4287 -2.5068 -2.5825 -2.6556 -2.7262 -2.7940 -2.8591 -2.9213 -2.9807 -3.0371 -3.0905 -3.1409 -3.1882 -3.2323 -3.2732 -3.3110 -3.3454 -3.3765 -3.4043 -3.4288 -3.4499 -3.4675 -3.4818 -3.4926 -3.4999 -3.5038 -3.5043 -3.5013 -3.4948 -3.4849 -3.4715 -3.4547 -3.4345 -3.4110 -3.3840 -3.3537 -3.3201 -3.2832 -3.2431 -3.1998 -3.1533 -3.1038 -3.0511 -2.9955 -2.9368 -2.8753 -2.8110 -2.7438 -2.6740 -2.6015 -2.5265 -2.4490 -2.3690 -2.2867 -2.2022 -2.1155 -2.0267 -1.9359 -1.8431 -1.7486 -1.6524 -1.5545 -1.4550 -1.3542 -1.2520 -1.1485 -1.0440 -0.9384 -0.8319 -0.7245 -0.6165 -0.5078 -0.3986 -0.2891 -0.1792 -0.0692  0.0409  0.1510  0.2609  0.3705  0.4798  0.5886  0.6968  0.8043  0.9111  1.0169  1.1218  1.2255  1.3280  1.4292  1.5291  1.6273  1.7240  1.8190  1.9122  2.0035  2.0928  2.1801  2.2652  2.3481  2.4287  2.5068  2.5825  2.6556  2.7262  2.7940  2.8591  2.9213  2.9807  3.0371  3.0905  3.1409  3.1882  3.2323  3.2732  3.3110  3.3454  3.3765  3.4043  3.4288  3.4499  3.4675  3.4818  3.4926  3.4999  3.5038  3.5043  3.5013  3.4948  3.4849  3.4715  3.4547  3.4345  3.4110  3.3840  3.3537  3.3201  3.2832  3.2431  3.1998  3.1533  3.1038  3.0511  2.9955  2.9368  2.8753  2.8110  2.7438  2.6740  2.6015  2.5265  2.4490  2.3690  2.2867  2.2022  2.1155  2.0267  1.9359  1.8431  1.7486  1.6524  1.5545  1.4550  1.3542  1.2520  1.1485  1.0440  0.9384  0.8319  0.7245  0.6165  0.5078  0.3986  0.2891  0.1792  0.0692 -0.0409 -0.1510 -0.2609 -0.3705 -0.4798 -0.5886 -0.6968 -0.8043 -0.9111 -1.0169 -1.1218 -1.2255 -1.3280 -1.4292 -1.5291 -1.6273 -1.7240 -1.8190 -1.9122 -2.0035 -2.0928 -2.1801 -2.2652 -2.3481 -2.4287 -2.5068 -2.5825 -2.6556 -2.7262 -2.7940 -2.8591 -2.9213 -2.9807 -3.0371 -3.0905 -3.1409 -3.1882 -3.2323 -3.2732 -3.3110 -3.3454 -3.3765 -3.4043 -3.4288 -3.4499 -3.4675 -3.4818 -3.4926 -3.4999 -3.5038 -3.5043 -3.5013 -3.4948 -3.4849 -3.4715 -3.4547 -3.4345 -3.4110 -3.3840 -3.3537 -3.3201 -3.2832 -3.2431 -3.1998 -3.1533 -3.1038 -3.0511 -2.9955 -2.9368 -2.8753 -2.8110 -2.7438 -2.6740 -2.6015 -2.5265 -2.4490 -2.3690 -2.2867 -2.2022 -2.1155 -2.0267 -1.9359 -1.8431 -1.7486 -1.6524 -1.5545 -1.4550 -1.3542 -1.2520 -1.1485 -1.0440 -0.9384 -0.8319 -0.7245 -0.6165 -0.5078 -0.3986 -0.2891 -0.1792 -0.0692  0.0409  0.1510  0.2609  0.3705  0.4798  0.5886  0.6968  0.8043  0.9111  1.0169  1.1218  1.2255  1.3280  1.4292  1.5291  1.6273  1.7240  1.8190  1.9122  2.0035  2.0928  2.1801  2.2652  2.3481  2.4287  2.5068  2.5825  2.6556  2.7262  2.7940  2.8591  2.9213  2.9807  3.0371  3.0905  3.1409  3.1882  3.2323  3.2732  3.3110  3.3454  3.3765  3.4043  3.4288  3.4499  3.4675  3.4818  3.4926  3.4999  3.5038  3.5043  3.5013  3.4948  3.4849  3.4715  3.4547  3.4345  3.4110  3.3840  3.3537  3.3201  3.2832  3.2431  3.1998  3.1533  3.1038  3.0511  2.9955  2.9368  2.8753  2.8110  2.7438  2.6740  2.6015  2.5265  2.4490  2.3690  2.2867  2.2022  2.1155  2.0267  1.9359  1.8431  1.7486  1.6524  1.5545  1.4550  1.3542  1.2520  1.1485  1.0440  0.9384  0.8319  0.7245  0.6165  0.5078  0.3986  0.2891  0.1792  0.0692 -0.0409 -0.1510 -0.2609 -0.3705 -0.4798 -0.5886 -0.6968 -0.8043 -0.9111 -1.0169 -1.1218 -1.2255 -1.3280 -1.4292 -1.5291 -1.6273 -1.7240 -1.8190 -1.9122 -2.0035 -2.0928 -2.1801 -2.2652 -2.3481 -2.4287 -2.5068 -2.5825 -2.6556 -2.7262 -2.7940 -2.8591 -2.9213 -2.9807 -3.0371 -3.0905 -3.1409 -3.1882 -3.2323 -3.2732 -3.3110 -3.3454 -3.3765 -3.4043 -3.4288 -3.4499 -3.4675 -3.4818 -3.4926 -3.4999 -3.5038 -3.5043 -3.5013 -3.4948 -3.4849 -3.4715 -3.4547 -3.4345 -3.4110 -3.3840 -3.3537 -3.3201 -3.2832 -3.2431 -3.1998 -3.1533 -3.1038 -3.0511 -2.9955 -2.9368 -2.8753 -2.8110 -2.7438 -2.6740 -2.6015 -2.5265 -2.4490 -2.3690 -2.2867 -2.2022 -2.1155 -2.0267 -1.9359 -1.8431 -1.7486 -1.6524 -1.5545 -1.4550 -1.3542 -1.2520 -1.1485 -1.0440 -0.9384 -0.8319 -0.7245 -0.6165 -0.5078 -0.3986 -0.2891 -0.1792 -0.0692  0.0409  0.1510  0.2609  0.3705  0.4798  0.5886  0.6968  0.8043  0.9111  1.0169  1.1218  1.2255  1.3280  1.4292  1.5291  1.6273  1.7240  1.8190  1.9122  2.0035  2.0928  2.1801  2.2652  2.3481  2.4287  2.5068  2.5825  2.6556  2.7262  2.7940  2.8591  2.9213  2.9807  3.0371  3.0905  3.1409  3.1882  3.2323  3.2732  3.3110  3.3454  3.3765  3.4043  3.4288  3.4499  3.4675  3.4818  3.4926  3.4999  3.5038  3.5043  3.5013  3.4948  3.4849  3.4715  3.4547  3.4345  3.4110  3.3840  3.3537  3.3201  3.2832  3.2431  3.1998  3.1533  3.1038  3.0511  2.9955  2.9368  2.8753  2.8110  2.7438  2.6740  2.6015  2.5265  2.4490  2.3690  2.2867  2.2022  2.1155  2.0267  1.9359  1.8431  1.7486  1.6524  1.5545  1.4550  1.3542  1.2520  1.1485  1.0440  0.9384  0.8319  0.7245  0.6165  0.5078  0.3986  0.2891  0.1792  0.0692 -0.0409 -0.1510 -0.2609 -0.3705 -0.4798 -0.5886 -0.6968 -0.8043 -0.9111 -1.0169 -1.1218 -1.2255 -1.3280 -1.4292 -1.5291 -1.6273 -1.7240 -1.8190 -1.9122 -2.0035 -2.0928 -2.1801 -2.2652 -2.3481 -2.4287 -2.5068 -2.5825 -2.6556 -2.7262 -2.7940 -2.8591 -2.9213 -2.9807 -3.0371 -3.0905 -3.1409 -3.1882 -3.2323 -3.2732 -3.3110 -3.3454 -3.3765 -3.4043 -3.4288 -3.4499 -3.4675 -3.4818 -3.4926 -3.4999 -3.5038 -3.5043 -3.5013 -3.4948 -3.4849 -3.4715 -3.4547 -3.4345 -3.4110 -3.3840 -3.3537 -3.3201 -3.2832 -3.2431 -3.1998 -3.1533 -3.1038 -3.0511 -2.9955 -2.9368 -2.8753 -2.8110 -2.7438 -2.6740 -2.6015 -2.5265 -2.4490 -2.3690 -2.2867 -2.2022 -2.1155 -2.0267 -1.9359 -1.8431 -1.7486 -1.6524 -1.5545 -1.4550 -1.3542 -1.2520 -1.1485 -1.0440 -0.9384 -0.8319 -0.7245 -0.6165 -0.5078 -0.3986 -0.2891 -0.1792
2 -0.8488 -0.8398 -0.8307 -0.8216 -0.8125 -0.8033 -0.7941 -0.7849 -0.7756 -0.7663 -0.7570 -0.7477 -0.7383 -0.7289 -0.7194 -0.7100 -0.7005 -0.6910 -0.6814 -0.6718 -0.6622 -0.6526 -0.6429 -0.6333 -0.6236 -0.6138 -0.6041 -0.5943 -0.5845 -0.5747 -0.5648 -0.5550 -0.5451 -0.5352 -0.5252 -0.5153 -0.5053 -0.4953 -0.4853 -0.4752 -0.4652 -0.4551 -0.4450 -0.4349 -0.4248 -0.4147 -0.4045 -0.3943 -0.3842 -0.3739 -0.3637 -0.3535 -0.3433 -0.3330 -0.3227 -0.3124 -0.3021 -0.2918 -0.2815 -0.2712 -0.2608 -0.2505 -0.2401 -0.2297 -0.2194 -0.2090 -0.1986 -0.1882 -0.1777 -0.1673 -0.1569 -0.1465 -0.1360 -0.1256 -0.1151 -0.1047 -0.0942 -0.0838 -0.0733 -0.0628 -0.0524 -0.0419 -0.0314 -0.0209 -0.0104  0.0000  0.0105  0.0210  0.0315  0.0419  0.0524  0.0629  0.0733  0.0838  0.0943  0.1047  0.1152  0.1256  0.1361  0.1465  0.1570  0.1674  0.1778  0.1882  0.1986  0.2090  0.2194  0.2298  0.2402  0.2505  0.2609  0.2712  0.2816  0.2919  0.3022  0.3125  0.3228  0.3330  0.3433  0.3536  0.3638  0.3740  0.3842  0.3944  0.4046  0.4147  0.4249  0.4350  0.4451  0.4552  0.4652  0.4753  0.4853  0.4953  0.5053  0.5153  0.5253  0.5352  0.5451  0.5550  0.5649  0.5747  0.5845  0.5943  0.6041  0.6139  0.6236  0.6333  0.6430  0.6526  0.6623  0.6719  0.6815  0.6910  0.7005  0.7100  0.7195  0.7289  0.7383  0.7477  0.7571  0.7664  0.7757  0.7849  0.7942  0.8034  0.8125  0.8217  0.8308  0.8398  0.8489  0.8579  0.8668  0.8758  0.8847  0.8935  0.9024  0.9111  0.9199  0.9286  0.9373  0.9460  0.9546  0.9631  0.9717  0.9802  0.9886  0.9970  1.0054  1.0138  1.0221  1.0303  1.0385  1.0467  1.0548  1.0629  1.0710  1.0790  1.0870  1.0949  1.1028  1.1106  1.1184  1.1261  1.1339  1.1415  1.1491  1.1567  1.1642  1.1717  1.1791  1.1865  1.1939  1.2011  1.2084  1.2156  1.2227  1.2298  1.2369  1.2439  1.2508  1.2577  1.2646  1.2714  1.2782  1.2849  1.2915  1.2981  1.3047  1.3112  1.3176  1.3240  1.3304  1.3366  1.3429  1.3491  1.3552  1.3613  1.3673  1.3733  1.3792  1.3850  1.3909  1.3966  1.4023  1.4079  1.4135  1.4191  1.4245  1.4300  1.4353  1.4406  1.4459  1.4511  1.4562  1.4613  1.4663  1.4712  1.4762  1.4810  1.4858  1.4905  1.4952  1.4998  1.5043  1.5088  1.5133  1.5176  1.5219  1.5262  1.5304  1.5345  1.5386  1.5426  1.5465  1.5504  1.5543  1.5580  1.5617  1.5654  1.5689  1.5725  1.5759  1.5793  1.5826  1.5859  1.5891  1.5923  1.5953  1.5984  1.6013  1.6042  1.6070  1.6098  1.6125  1.6151  1.6177  1.6202  1.6227  1.6250  1.6274  1.6296  1.6318  1.6339  1.6360  1.6380  1.6399  1.6418  1.6436  1.6453  1.6470  1.6486  1.6501  1.6516  1.6530  1.6544  1.6557  1.6569  1.6580  1.6591  1.6601  1.6611  1.6620  1.6628  1.6635  1.6642  1.6649  1.6654  1.6659  1.6663  1.6667  1.6670  1.6672  1.6674  1.6675  1.6675  1.6675  1.6674  1.6672  1.6670  1.6667  1.6663  1.6659  1.6654  1.6648  1.6642  1.6635  1.6628  1.6620  1.6611  1.6601  1.6591  1.6580  1.6569  1.6556  1.6544  1.6530  1.6516  1.6501  1.6486  1.6470  1.6453  1.6436  1.6418  1.6399  1.6380  1.6360  1.6339  1.6318  1.6296  1.6274  1.6250  1.6227  1.6202  1.6177  1.6151  1.6125  1.6098  1.6070  1.6042  1.6013  1.5983  1.5953  1.5922  1.5891  1.5859  1.5826  1.5793  1.5759  1.5724  1.5689  1.5653  1.5617  1.5580  1.5542  1.5504  1.5465  1.5426  1.5386  1.5345  1.5304  1.5262  1.5219  1.5176  1.5132  1.5088  1.5043  1.4998  1.4952  1.4905  1.4858  1.4810  1.4761  1.4712  1.4663  1.4612  1.4562  1.4510  1.4458  1.4406  1.4353  1.4299  1.4245  1.4190  1.4135  1.4079  1.4023  1.3966  1.3908  1.3850  1.3792  1.3732  1.3673  1.3612  1.3552  1.3490  1.3428  1.3366  1.3303  1.3240  1.3176  1.3111  1.3046  1.2981  1.2915  1.2848  1.2781  1.2714  1.2646  1.2577  1.2508  1.2439  1.2368  1.2298  1.2227  1.2155  1.2084  1.2011  1.1938  1.1865  1.1791  1.1717  1.1642  1.1567  1.1491  1.1415  1.1338  1.1261  1.1184  1.1106  1.1027  1.0948  1.0869  1.0790  1.0709  1.0629  1.0548  1.0467  1.0385  1.0303  1.0220  1.0137  1.0054  0.9970  0.9886  0.9801  0.9716  0.9631  0.9545  0.9459  0.9373  0.9286  0.9199  0.9111  0.9023  0.8935  0.8846  0.8757  0.8668  0.8578  0.8488  0.8398  0.8307  0.8216  0.8125  0.8033  0.7941  0.7849  0.7756  0.7663  0.7570  0.7477  0.7383  0.7289  0.7194  0.7100  0.7005  0.6910  0.6814  0.6718  0.6622  0.6526  0.6429  0.6333  0.6236  0.6138  0.6041  0.5943  0.5845  0.5747  0.5648  0.5550  0.5451  0.5352  0.5252  0.5153  0.5053  0.4953  0.4853  0.4752  0.4652  0.4551  0.4450  0.4349  0.4248  0.4147  0.4045  0.3943  0.3842  0.3739  0.3637  0.3535  0.3433  0.3330  0.3227  0.3124  0.3021  0.2918  0.2815  0.2712  0.2608  0.2505  0.2401  0.2297  0.2194  0.2090  0.1986  0.1882  0.1777  0.1673  0.1569  0.1465  0.1360  0.1256  0.1151  0.1047  0.0942  0.0838  0.0733  0.0628  0.0524  0.0419  0.0314  0.0209  0.0104 -0.0000 -0.0105 -0.0210 -0.0315 -0.0419 -0.0524 -0.0629 -0.0733 -0.0838 -0.0943 -0.1047 -0.1152 -0.1256 -0.1361 -0.1465 -0.1570 -0.1674 -0.1778 -0.1882 -0.1986 -0.2090 -0.2194 -0.2298 -0.2402 -0.2505 -0.2609 -0.2712 -0.2816 -0.2919 -0.3022 -0.3125 -0.3228 -0.3330 -0.3433 -0.3536 -0.3638 -0.3740 -0.3842 -0.3944 -0.4046 -0.4147 -0.4249 -0.4350 -0.4451 -0.4552 -0.4652 -0.4753 -0.4853 -0.4953 -0.5053 -0.5153 -0.5253 -0.5352 -0.5451 -0.5550 -0.5649 -0.5747 -0.5845 -0.5943 -0.6041 -0.6139 -0.6236 -0.6333 -0.6430 -0.6526 -0.6623 -0.6719 -0.6815 -0.6910 -0.7005 -0.7100 -0.7195 -0.7289 -0.7383 -0.7477 -0.7571 -0.7664 -0.7757 -0.7849 -0.7942 -0.8034 -0.8125 -0.8217 -0.8308 -0.8398 -0.8489 -0.8579 -0.8668 -0.8758 -0.8847 -0.8935 -0.9024 -0.9111 -0.9199 -0.9286 -0.9373 -0.9460 -0.9546 -0.9631 -0.9717 -0.9802 -0.9886 -0.9970 -1.0054 -1.0138 -1.0221 -1.0303 -1.0385 -1.0467 -1.0548 -1.0629 -1.0710 -1.0790 -1.0870 -1.0949 -1.1028 -1.1106 -1.1184 -1.1261 -1.1339 -1.1415 -1.1491 -1.1567 -1.1642 -1.1717 -1.1791 -1.1865 -1.1939 -1.2011 -1.2084 -1.2156 -1.2227 -1.2298 -1.2369 -1.2439 -1.2508 -1.2577 -1.2646 -1.2714 -1.2782 -1.2849 -1.2915 -1.2981 -1.3047 -1.3112 -1.3176 -1.3240 -1.3304 -1.3366 -1.3429 -1.3491 -1.3552 -1.3613 -1.3673 -1.3733 -1.3792 -1.3850 -1.3909 -1.3966 -1.4023 -1.4079 -1.4135 -1.4191 -1.4245 -1.4300 -1.4353 -1.4406 -1.4459 -1.4511 -1.4562 -1.4613 -1.4663 -1.4712 -1.4762 -1.4810 -1.4858 -1.4905 -1.4952 -1.4998 -1.5043 -1.5088 -1.5133 -1.5176 -1.5219 -1.5262 -1.5304 -1.5345 -1.5386 -1.5426 -1.5465 -1.5504 -1.5543 -1.5580 -1.5617 -1.5654 -1.5689 -1.5725 -1.5759 -1.5793 -1.5826 -1.5859 -1.5891 -1.5923 -1.5953 -1.5984 -1.6013 -1.6042 -1.6070 -1.6098 -1.6125 -1.6151 -1.6177 -1.6202 -1.6227 -1.6250 -1.6274 -1.6296 -1.6318 -1.6339 -1.6360 -1.6380 -1.6399 -1.6418 -1.6436 -1.6453 -1.6470 -1.6486 -1.6501 -1.6516 -1.6530 -1.6544 -1.6557 -1.6569 -1.6580 -1.6591 -1.6601 -1.6611 -1.6620 -1.6628 -1.6635 -1.6642 -1.6649 -1.6654 -1.6659 -1.6663 -1.6667 -1.6670 -1.6672 -1.6674 -1.6675 -1.6675 -1.6675 -1.6674 -1.6672 -1.6670 -1.6667 -1.6663 -1.6659 -1.6654 -1.6648 -1.6642 -1.6635 -1.6628 -1.6620 -1.6611 -1.6601 -1.6591 -1.6580 -1.6569 -1.6556 -1.6544 -1.6530 -1.6516 -1.6501 -1.6486 -1.6470 -1.6453 -1.6436 -1.6418 -1.6399 -1.6380 -1.6360 -1.6339 -1.6318 -1.6296 -1.6274 -1.6250 -1.6227 -1.6202 -1.6177 -1.6151 -1.6125 -1.6098 -1.6070 -1.6042 -1.6013 -1.5983 -1.5953 -1.5922 -1.5891 -1.5859 -1.5826 -1.5793 -1.5759 -1.5724 -1.5689 -1.5653 -1.5617 -1.5580 -1.5542 -1.5504 -1.5465 -1.5426 -1.5386 -1.5345 -1.5304 -1.5262 -1.5219 -1.5176 -1.5132 -1.5088 -1.5043 -1.4998 -1.4952 -1.4905 -1.4858 -1.4810 -1.4761 -1.4712 -1.4663 -1.4612 -1.4562 -1.4510 -1.4458 -1.4406 -1.4353 -1.4299 -1.4245 -1.4190 -1.4135 -1.4079 -1.4023 -1.3966 -1.3908 -1.3850 -1.3792 -1.3732 -1.3673 -1.3612 -1.3552 -1.3490 -1.3428 -1.3366 -1.3303 -1.3240 -1.3176 -1.3111 -1.3046 -1.2981 -1.2915 -1.2848 -1.2781 -1.2714 -1.2646 -1.2577 -1.2508 -1.2439 -1.2368 -1.2298 -1.2227 -1.2155 -1.2084 -1.2011 -1.1938 -1.1865 -1.1791 -1.1717 -1.1642 -1.1567 -1.1491 -1.1415 -1.1338 -1.1261 -1.1184 -1.1106 -1.1027 -1.0948 -1.0869 -1.0790 -1.0709 -1.0629 -1.0548 -1.0467 -1.0385 -1.0303 -1.0220 -1.0137 -1.0054 -0.9970 -0.9886 -0.9801 -0.9716 -0.9631 -0.9545 -0.9459 -0.9373 -0.9286 -0.9199 -0.9111 -0.9023 -0.8935 -0.8846 -0.8757 -0.8668 -0.8578
Shapes of evolved variables:
 x: (20,)
 r: (20,)
 nspike: (20,)
 rout: (20,)
 II: (20,)
 v: (20,)

------ FINAL STATISTICS ------

Timestep: 201 - Example history for neuron 2 in RLS
--------------------
  P: (4, 4)
  ri: (4, 1)
  Computed error as e = f - wr, where
  e: (20, 1), f: (20, 1), w: (20, 20), r: (20, 1)
  ri is shape: (4, 1)
  Pr becomes (4, 1)
  r^T * P becomes: (1, 4)
  Denominator 1 + r^T * P becomes: [[13.53497744]]
  P updated becomes: (4, 4)
  Delta w becomes: (4,)
  Updated w is (20, 20) and its row (1, 4) was updated with (4,)
--------------------
Timestep: 202 - Example history for neuron 2 in RLS
--------------------
  P: (4, 4)
  ri: (4, 1)
  Computed error as e = f - wr, where
  e: (20, 1), f: (20, 1), w: (20, 20), r: (20, 1)
  ri is shape: (4, 1)
  Pr becomes (4, 1)
  r^T * P becomes: (1, 4)
  Denominator 1 + r^T * P becomes: [[1.88980618]]
  P updated becomes: (4, 4)
  Delta w becomes: (4,)
  Updated w is (20, 20) and its row (1, 4) was updated with (4,)
--------------------
------ Shapes / dimensions ------
target              : (20, 1000)
error               : (20, 1)
phase               : (20,)
amp                 : (20,)
omega               : (20,)
romega_vec          : (20,)
connectivity matrix W: (20, 20)
RLS inverse‑corr. matrices (list length) : 20
  – first entry shape : (6, 6)  (typical incoming degree ≈ 6)
presynaptic index list for neuron 0 : (6,)

Learning error (L2 norm) statistics
  # stored steps      : 7990
  min error          : 4.5781e-01
  max error          : 9.2876e+00
  final error        : 6.3690e+00

Weight norm evolution (log ratio to initial norm)
  min log ratio : 0.5543
  max log ratio : 3.0242
  final log ratio : 2.5954

Motif statistics per loop (sigma2, tau_rec, tau_div, tau_con, tau_chn)

Neuron 0 presynaptic pool size: 6
  Inverse‑corr. matrix shape : (6, 6)
  Last error component       : 1.3766e-01
  Last weight change (Δw)    : (1, 6)  (all zeros because we printed after the final update)
HISTORY OF NEURON VARIABLES. # In evolution, dr = -b*r_var and dr is returned as the changed r. new copy is made. same with x (using diffeq for the neurons) In addition, for each spike, b is added to r.

dx of shape (20,), dr of shape (20,), x of shape (20,), r of shape (20,), b is always 0.2
dx of shape (20,), dr of shape (20,), x of shape (20,), r of shape (20,), b is always 0.2
dx of shape (20,), dr of shape (20,), x of shape (20,), r of shape (20,), b is always 0.2
dx of shape (20,), dr of shape (20,), x of shape (20,), r of shape (20,), b is always 0.2
dx of shape (20,), dr of shape (20,), x of shape (20,), r of shape (20,), b is always 0.2

------ END OF RUN ------

